한국어 조사와 어말어미의 출현빈도 조사

I. 상위 70개 통합 조사의 상대적 출현빈도
     
1.1 KT Data Set
     
-----------------------------------------
     조사   출현빈도  %   누적 %
-----------------------------------------
     을      8944  16.97  16.97
     의      8708  16.52  33.48
     를      5350  10.15  43.63
     에      4950   9.39  53.02
     으로    2378   4.51  57.53
     은      2366   4.49  62.02
     이      2202   4.18  66.20
     는      1916   3.63  69.83
     에서    1672   3.17  73.00
     과      1630   3.09  76.10
     에서는  1598   3.03  79.13
     로      1486   2.82  81.95
     하고    1340   2.54  84.49
     가      1332   2.53  87.01
     와      1014   1.92  88.94
     고       610   1.16  90.09
     이다     444   0.84  90.94
     여       444   0.84  91.78
     으로써   426   0.81  92.59
     도       404   0.77  93.35
     다       230   0.44  93.79
     에서의   226   0.43  94.22
     든       192   0.36  94.58
     과를     190   0.36  94.94
     보다     140   0.27  95.21
     라       136   0.26  95.47
     나       134   0.25  95.72
     에는     132   0.25  95.97
     으로서   120   0.23  96.20
     만       114   0.22  96.41
     이나     102   0.19  96.61
     며       102   0.19  96.80
     로부터   100   0.19  96.99
     로서      98   0.19  97.18
     에게      92   0.17  97.35
     까지      86   0.16  97.52
     과는      84   0.16  97.67
     께        80   0.15  97.83
     만을      76   0.14  97.97
     으로는    68   0.13  98.10
     대로      66   0.13  98.22
     이고      60   0.11  98.34
     에도      60   0.11  98.45
     과의      60   0.11  98.57
     로의      56   0.11  98.67
     으로부터  54   0.10  98.77
     이며      50   0.09  98.87
     에서도    46   0.09  98.96
     로써      42   0.08  99.04
     로는      40   0.08  99.11
     까지의    38   0.07  99.18
     요        38   0.07  99.26
     이라는    28   0.05  99.31
     으로의    26   0.05  99.36
     이라고    24   0.05  99.40
     만이      18   0.03  99.44
     와의      18   0.03  99.47
     마다      18   0.03  99.51
     와는      18   0.03  99.54
     이라      16   0.03  99.57
     에만      16   0.03  99.60
     라고      16   0.03  99.63
     보다는    16   0.03  99.66
     처럼      12   0.02  99.69
     부터      12   0.02  99.71
     로도      10   0.02  99.73
     으로서의  10   0.02  99.75
     로서의    10   0.02  99.76
     만으로     8   0.02  99.78
     토록       8   0.02  99.80
-----------------------------------------
     총 107가지 52,718회 출현
     
1.2 신문 기사
     
-----------------------------------------
     조사   출현빈도  %   누적 %
-----------------------------------------
     을     25941  12.98  12.98  | 1
     의     22161  11.09  24.06  | 2
     에     20200  10.10  34.17  | 3
     이     15021   7.51  41.68  | 4
     를     14937   7.47  49.15  | 5
     으로   11973   5.99  55.14  | 6
     은     11615   5.81  60.95  | 7
     는     11426   5.72  66.67  | 8
     가      8348   4.18  70.84  | 9
     로      6547   3.28  74.12  |10
     하고    5639   2.82  76.94  |11
     과      5244   2.62  79.56  |12
     에서    4984   2.49  82.06  |13
     도      3795   1.90  83.95  |14
     와      3169   1.59  85.54  |15
     이다    2905   1.45  86.99  |16
     고      2576   1.29  88.28  |17
     부터    1624   0.81  89.09  |18
     까지    1506   0.75  89.85  |19
     께      1317   0.66  90.51  |20
     에는    1254   0.63  91.13  |21
     이라고  1043   0.52  91.66  |22
     만      1011   0.51  92.16  |23
     라고     957   0.48  92.64  |24
     보다     901   0.45  93.09  |25
     에도     775   0.39  93.48  |26
     다       746   0.37  93.85  |27
     토록     690   0.35  94.20  |28
     에게     641   0.32  94.52  |29
     나       582   0.29  94.81  |30
     대로     535   0.27  95.08  |31
     에서는   532   0.27  95.34  |32
     이나     487   0.24  95.59  |33
     이며     404   0.20  95.79  |34
     요       380   0.19  95.98  |35
     든       374   0.19  96.17  |36
     으로써   344   0.17  96.34  |37
     같이     315   0.16  96.49  |38
     로는     313   0.16  96.65  |39
     밖에     296   0.15  96.80  |40
     과의     290   0.15  96.94  |41
     며       283   0.14  97.09  |42
     로부터   262   0.13  97.22  |43
     처럼     262   0.13  97.35  |44
     아       254   0.13  97.48  |45
     라       242   0.12  97.60  |46
     여       227   0.11  97.71  |47
     으로는   227   0.11  97.82  |48
     이고     227   0.11  97.94  |49
     에서의   206   0.10  98.04  |50
     이라는   186   0.09  98.13  |51
     만에     164   0.08  98.22  |52
     으로부터 164   0.08  98.30  |53
     에서도   163   0.08  98.38  |54
     와의     147   0.07  98.45  |55
     엔       139   0.07  98.52  |56
     만을     124   0.06  98.58  |57
     부터는   122   0.06  98.64  |58
     만의     115   0.06  98.70  |59
     야       110   0.06  98.76  |60
     까지의   107   0.05  98.81  |61
     과는     103   0.05  98.86  |62
     치고     103   0.05  98.91  |63
     과를     100   0.05  98.96  |64
     으로의    98   0.05  99.01  |65
     까지는    84   0.04  99.06  |66
     보다는    76   0.04  99.09  |67
     만이      72   0.04  99.13  |68
     에만      70   0.04  99.16  |69
     로의      69   0.03  99.20  |70
-----------------------------------------
     총 197가지 199,906회 출현
     
1.3 국민학교 교과서
     
-----------------------------------------
     조사   출현빈도  %   누적 %
-----------------------------------------
     을    30266  15.50  15.50
     의    21511  11.02  26.51
     를    16400   8.40  34.91
     이    16185   8.29  43.20
     에    14945   7.65  50.85
     는    12061   6.18  57.03
     은    11419   5.85  62.88
     가     9898   5.07  67.95
     로     5839   2.99  70.94
     고     5349   2.74  73.68
     과     5056   2.59  76.26
     도     4923   2.52  78.79
     에서   4783   2.45  81.24
     으로   4495   2.30  83.54
     와     3796   1.94  85.48
     에는   2605   1.33  86.81
     여     1954   1.00  87.82
     께     1581   0.81  88.62
     하고   1463   0.75  89.37
     나     1225   0.63  90.00
     에게   1205   0.62  90.62
     이다   1076   0.55  91.17
     만     1052   0.54  91.71
     이나   1008   0.52  92.22
     라      866   0.44  92.67
     께서    828   0.42  93.09
     야      816   0.42  93.51
     아      666   0.34  93.85
     다      637   0.33  94.18
     에서는  621   0.32  94.50
     며      572   0.29  94.79
     보다    561   0.29  95.08
     께서는  561   0.29  95.36
     까지    545   0.28  95.64
     니      510   0.26  95.90
     대로    465   0.24  96.14
     라고    464   0.24  96.38
     처럼    459   0.24  96.61
     이라고  433   0.22  96.84
     부터    418   0.21  97.05
     에도    400   0.20  97.25
     마다    311   0.16  97.41
     요      275   0.14  97.55
     든      260   0.13  97.69
     이고    242   0.12  97.81
     같이    198   0.10  97.91
     에서도  163   0.08  98.00
     이라    157   0.08  98.08
     까지의  129   0.07  98.14
     로부터  116   0.06  98.20
     로가    114   0.06  98.26
     으로는  108   0.06  98.32
     로는    107   0.05  98.37
     이야    102   0.05  98.42
     로의     93   0.05  98.47
     치고     91   0.05  98.52
     만큼     91   0.05  98.56
     으로써   90   0.05  98.61
     이며     88   0.05  98.65
     만을     86   0.04  98.70
     에게는   85   0.04  98.74
     이라는   83   0.04  98.78
     라도     79   0.04  98.83
     께서도   73   0.04  98.86
     랑       69   0.04  98.90
     으로부터 67   0.03  98.93
     이라도   67   0.03  98.97
     과의     64   0.03  99.00
     으로도   64   0.03  99.03
     만이     60   0.03  99.06
-----------------------------------------
     총 219가지 195,279회 출현
     
1.4 문학 작품
     
-----------------------------------------
     조사   출현빈도  %   누적 %
-----------------------------------------
     을     16498  13.65  13.65
     의     16023  13.26  26.92
     이     10296   8.52  35.44
     에      9074   7.51  42.95
     를      8297   6.87  49.81
     는      8189   6.78  56.59
     가      6787   5.62  62.21
     은      6109   5.06  67.27
     로      4239   3.51  70.77
     으로    4107   3.40  74.17
     도      3368   2.79  76.96
     에서    3250   2.69  79.65
     고      2868   2.37  82.02
     과      1822   1.51  83.53
     하고    1627   1.35  84.88
     이다    1403   1.16  86.04
     와      1137   0.94  86.98
     만      1030   0.85  87.83
     에게     949   0.79  88.62
     께       762   0.63  89.25
     나       751   0.62  89.87
     에는     615   0.51  90.38
     며       454   0.38  90.76
     든       439   0.36  91.12
     라고     427   0.35  91.47
     대로     418   0.35  91.82
     처럼     411   0.34  92.16
     라       377   0.31  92.47
     이나     340   0.28  92.75
     이라고   336   0.28  93.03
     아       333   0.28  93.31
     에도     325   0.27  93.57
     다       310   0.26  93.83
     까지     309   0.26  94.09
     야       281   0.23  94.32
     니       278   0.23  94.55
     부터     268   0.22  94.77
     에서는   246   0.20  94.97
     이며     232   0.19  95.17
     이라는   228   0.19  95.36
     이라     215   0.18  95.53
     엔       210   0.17  95.71
     보다     179   0.15  95.86
     여       177   0.15  96.00
     이고     161   0.13  96.13
     에서의   138   0.11  96.25
     에서도   118    0.1  96.35
     만이     115    0.1  96.44
     으로써   112   0.09  96.53
     라도     111   0.09  96.63
     으로는   109   0.09  96.72
     로부터   108   0.09  96.81
     만을     107   0.09  96.89
     토록     102   0.08  96.98
     요       102   0.08  97.06
     에선     102   0.08  97.15
     로는     101   0.08  97.23
     과는      96   0.08  97.31
     로써      96   0.08  97.39
     보다도    88   0.07  97.46
     마다      82   0.07  97.53
     이라도    82   0.07  97.60
     치고      78   0.06  97.66
     로의      77   0.06  97.73
     과의      76   0.06  97.79
     에게는    73   0.06  97.85
     보고      72   0.06  97.91
     으로부터  72   0.06  97.97
     로서      69   0.06  98.03
     조차      67   0.06  98.08
-----------------------------------------
     총 245가지 120,825회 출현
     
II. 상위 100개 통합 어미의 상대적 출현빈도

2.1 KT Data Set

-----------------------------------------
     어미   출현빈도  %   누적 %
-----------------------------------------
     ㄴ      12502  26.53  26.53
     어       5440  11.54  38.07
     는       4964  10.53  48.60
     다       4372   9.28  57.88
     ㄹ       2992   6.35  64.23
     ㄴ다     2942   6.24  70.47
     고       2900   6.15  76.63
     기       1462   3.10  79.73
     게        830   1.76  81.49
     은        794   1.68  83.17
     어서      784   1.66  84.84
     지        632   1.34  86.18
     며        514   1.09  87.27
     으며      510   1.08  88.35
     도록      472   1.00  89.35
     라        402   0.85  90.21
     나        388   0.82  91.03
     는데      266   0.56  91.59
     어라      250   0.53  92.12
     을        236   0.50  92.62
     어야      228   0.48  93.11
     든        192   0.41  93.52
     진        186   0.39  93.91
     어서는    184   0.39  94.30
     므로      176   0.37  94.67
     ㅁ        132   0.28  94.95
     이        122   0.26  95.21
     면서      122   0.26  95.47
     면        122   0.26  95.73
     니라      110   0.23  95.96
     고자      106   0.22  96.19
     지만      102   0.22  96.41
     다는       96   0.20  96.61
     지는       84   0.18  96.79
     소         76   0.16  96.95
     거나       68   0.14  97.09
     는다       66   0.14  97.23
     기에       62   0.13  97.36
     으나       60   0.13  97.49
     으므로     60   0.13  97.62
     라는       54   0.11  97.73
     던         50   0.11  97.84
     ㄴ다는     46    0.1  97.94
     지를       42   0.09  98.03
     요         38   0.08  98.11
     질         38   0.08  98.19
     어서도     34   0.07  98.26
     마         32   0.07  98.33
     아         30   0.06  98.39
     ㄴ지       30   0.06  98.46
     라고       30   0.06  98.52
     음         30   0.06  98.58
     므로써     30   0.06  98.65
     ㄴ데       30   0.06  98.71
     란         28   0.06  98.77
     려         26   0.06  98.82
     려는       24   0.05  98.88
     어선       22   0.05  98.92
     나이다     22   0.05  98.97
     ㄹ수록     22   0.05  99.02
     어도       22   0.05  99.06
     다고       22   0.05  99.11
     기로       18   0.04  99.15
     건         16   0.03  99.18
     오         16   0.03  99.21
     어야만     16   0.03  99.25
     ㄴ가       16   0.03  99.28
     더라도     16   0.03  99.32
     으면서     14   0.03  99.35
     는가를     14   0.03  99.38
     는지를     14   0.03  99.41
     면서도     14   0.03  99.44
     ㄴ다면     12   0.03  99.46
     고서       12   0.03  99.49
     아서       12   0.03  99.51
     려면       10   0.02  99.53
     으면       10   0.02  99.55
     려고       10   0.02  99.58
     어서만     10   0.02  99.60
     래          8   0.02  99.61
     고도        6   0.01  99.63
     ㄴ다고      6   0.01  99.64
     ㄴ가를      6   0.01  99.65
     러          6   0.01  99.66
     는가에      6   0.01  99.68
     는다는      6   0.01  99.69
     라도        6   0.01  99.70
     되          6   0.01  99.72
     자는        4   0.01  99.72
     냐          4   0.01  99.73
     다면        4   0.01  99.74
     ㄹ만한      4   0.01  99.75
     니          4   0.01  99.76
     지도        4   0.01  99.77
     네          4   0.01  99.78
     ㄴ지를      4   0.01  99.78
     으리라      4   0.01  99.79
     을수록      4   0.01  99.80
     구나        4   0.01  99.81
     음에도      4   0.01  99.82
-----------------------------------------
    총 134가지 47,128회 출현

2.2 신문 기사

-----------------------------------------
     어미   출현빈도  %   누적 %
-----------------------------------------
     ㄴ      30937  17.79  17.79      |  1  
     다      23353  13.43  31.22      |  2
     어      21818  12.55  43.77      |  3
     고      15254   8.77  52.54      |  4
     는      12599   7.25  59.79      |  5
     ㄹ      11369   6.54  66.33      |  6
     은       2980   1.71  68.04      |  7
     기로     2911   1.67  69.71      |  8
     게       2769   1.59  71.31      |  9
     다고     2691   1.55  72.85      | 10
     지       2690   1.55  74.40      | 11
     기       2494   1.43  75.83      | 12
     ㄴ다     2411   1.39  77.22      | 13
     면       2389   1.37  78.59      | 14
     으며     2106   1.21  79.81      | 15
     라고     2076   1.19  81.00      | 16
     나       1961   1.13  82.13      | 17
     라       1925   1.11  83.23      | 18
     으나     1704   0.98  84.21      | 19
     어라     1568   0.90  85.12      | 20
     며       1437   0.83  85.94      | 21
     도록     1301   0.75  86.69      | 22
     던       1290   0.74  87.43      | 23
     을       1195   0.69  88.12      | 24
     다는     1069   0.61  88.73      | 25
     면서      979   0.56  89.30      | 26
     ㅁ        956   0.55  89.85      | 27
     어야      939   0.54  90.39      | 28
     는데      864   0.50  90.88      | 29
     어서      788   0.45  91.34      | 30
     어서는    775   0.45  91.78      | 31
     이        698   0.40  92.18      | 32
     아        676   0.39  92.57      | 33
     ㄴ다는    517   0.30  92.87      | 34
     려        495   0.28  93.16      | 35
     ㄴ데      484   0.28  93.43      | 36
     자        476   0.27  93.71      | 37
     오        428   0.25  93.95      | 38
     ㄴ다고    417   0.24  94.19      | 39
     거나      400   0.23  94.42      | 40
     든        381   0.22  94.64      | 41
     요        354   0.20  94.85      | 42
     라는      338   0.19  95.04      | 43
     소        336   0.19  95.23      | 44
     진        312   0.18  95.41      | 45
     련        302   0.17  95.59      | 46
     지만      274   0.16  95.74      | 47
     어도      228   0.13  95.88      | 48
     군        226   0.13  96.01      | 49
     지를      202   0.12  96.12      | 50
     어서도    195   0.11  96.23      | 51
     디        191   0.11  96.34      | 52
     기에      189   0.11  96.45      | 53
     니라      187   0.11  96.56      | 54
     더라도    169    0.1  96.66      | 55
     래        166    0.1  96.75      | 56
     지는      162   0.09  96.85      | 57
     되        161   0.09  96.94      | 58
     러        153   0.09  97.03      | 59
     ㄹ라      152   0.09  97.11      | 60
     ㅂ니다    140   0.08  97.19      | 61
     려는      140   0.08  97.27      | 62
     란        140   0.08  97.36      | 63
     ㄹ수록    138   0.08  97.43      | 64
     ㄴ데다    137   0.08  97.51      | 65
     ㄴ지      132   0.08  97.59      | 66
     ㄴ가      131   0.08  97.66      | 67
     는데다    122   0.07  97.73      | 68
     매        121   0.07  97.80      | 69
     음        110   0.06  97.87      | 70
     는다      105   0.06  97.93      | 71
     어선      103   0.06  97.99      | 72
     다가      103   0.06  98.05      | 73
     라며       97   0.06  98.10      | 74
     ㄴ다면     95   0.05  98.16      | 75
     질         90   0.05  98.21      | 76
     자는       86   0.05  98.26      | 77
     라면서     84   0.05  98.31      | 78
     건         80   0.05  98.35      | 79
     ㄹ지       70   0.04  98.39      | 80
     니         70   0.04  98.43      | 81
     습니다     68   0.04  98.47      | 82
     으면       67   0.04  98.51      | 83
     아야       63   0.04  98.55      | 84
     어다       62   0.04  98.58      | 85
     다며       62   0.04  98.62      | 86
     므로       61   0.04  98.65      | 87
     는대로     60   0.03  98.69      | 88
     고는       58   0.03  98.72      | 89
     는가       58   0.03  98.75      | 90
     고서는     56   0.03  98.79      | 91
     세         54   0.03  98.82      | 92
     는데도     53   0.03  98.85      | 93
     다면서     53   0.03  98.88      | 94
     음에도     52   0.03  98.91      | 95
     면서도     51   0.03  98.94      | 96
     는지       44   0.03  98.96      | 97
     자고       44   0.03  98.99      | 98
     ㄴ가를     44   0.03  99.01      | 99
     다면       41   0.02  99.04      |100
-----------------------------------------
    총 299가지 173,886회 출현

2.3 국민학교 교과서

-----------------------------------------
     어미   출현빈도  %   누적 %
-----------------------------------------
     어      30784  13.77  13.77
     ㄴ      24874  11.13  24.90
     는      17821   7.97  32.87
     고      13939   6.24  39.11
     ㄹ      13802   6.17  45.29
     습니다  11098   4.97  50.25
     게       8342   3.73  53.98
     다       7440   3.33  57.31
     은       6398   2.86  60.17
     자       5906   2.64  62.82
     ㅂ시다   5301   2.37  65.19
     어서     4448   1.99  67.18
     ㅂ니다   4427   1.98  69.16
     지       3891   1.74  70.90
     기       3698   1.65  72.55
     을       3622   1.62  74.17
     어라     3171   1.42  75.59
     ㄴ다     3054   1.37  76.96
     나       3014   1.35  78.31
     면       2342   1.05  79.36
     며       1991   0.89  80.25
     라       1840   0.82  81.07
     아       1732   0.77  81.84
     어야     1690   0.76  82.60
     는지     1630   0.73  83.33
     오       1452   0.65  83.98
     던       1438   0.64  84.62
     ㅁ       1311   0.59  85.21
     ㄴ가     1296   0.58  85.79
     는가     1250   0.56  86.35
     이       1084   0.48  86.83
     아라     1079   0.48  87.32
     려       1051   0.47  87.79
     면서      968   0.43  88.22
     라고      886   0.40  88.62
     ㄴ지      848   0.38  88.99
     도록      747   0.33  89.33
     니        703   0.31  89.64
     다고      687   0.31  89.95
     지만      685   0.31  90.26
     ㅂ니까    649   0.29  90.55
     으면      606   0.27  90.82
     어도      602   0.27  91.09
     습니까    591   0.26  91.35
     거나      526   0.24  91.59
     ㄴ데      518   0.23  91.82
     으며      512   0.23  92.05
     는데      507   0.23  92.28
     려고      454   0.20  92.48
     라는      442   0.20  92.68
     는다      439   0.20  92.87
     어요      406   0.18  93.05
     래        406   0.18  93.24
     다는      387   0.17  93.41
     ㄹ라      357   0.16  93.57
     ㄹ까요    351   0.16  93.73
     나요      339   0.15  93.88
     아서      331   0.15  94.03
     다가      330   0.15  94.17
     러        324   0.14  94.32
     네        322   0.14  94.46
     든        300   0.13  94.60
     ㄴ다고    298   0.13  94.73
     려면      298   0.13  94.86
     을까요    294   0.13  94.99
     기로      291   0.13  95.12
     진        289   0.13  95.25
     어서는    288   0.13  95.38
     ㄹ지      279   0.12  95.51
     요        276   0.12  95.63
     기에      272   0.12  95.75
     란        266   0.12  95.87
     ㄴ지를    264   0.12  95.99
     구나      259   0.12  96.11
     므로      233   0.10  96.21
     니라      232   0.10  96.31
     ㄴ다면    210   0.09  96.41
     ㄹ까      209   0.09  96.50
     다면      203   0.09  96.59
     마        195   0.09  96.68
     ㄴ다는    182   0.08  96.76
     아야      173   0.08  96.84
     더니      165   0.07  96.91
     으나      162   0.07  96.98
     어다      145   0.06  97.05
     어서도    145   0.06  97.11
     지를      138   0.06  97.18
     지는      130   0.06  97.23
     으니      130   0.06  97.29
     긴        127   0.06  97.35
     을까      127   0.06  97.41
     단다      124   0.06  97.46
     세요      121   0.05  97.52
     고는      118   0.05  97.57
     음        118   0.05  97.62
     니까      118   0.05  97.67
     려는      115   0.05  97.73
     질        114   0.05  97.78
     지요      109   0.05  97.83
     으면서     97   0.04  97.87
-----------------------------------------
    총 400가지 223,517회 출현

2.4 문학 작품

-----------------------------------------
     어미   출현빈도  %   누적 %
-----------------------------------------
     ㄴ      20300  16.06  16.06
     는      11866   9.39  25.44
     다      11258   8.90  34.35
     고      10065   7.96  42.31
     어       9036   7.15  49.45
     ㄹ       6412   5.07  54.53
     게       3288   2.60  57.13
     ㅂ니다   3245   2.57  59.69
     ㄴ다     2933   2.32  62.01
     지       2927   2.32  64.33
     은       2788   2.21  66.53
     던       2149   1.70  68.23
     을       2118   1.68  69.91
     어서     2063   1.63  71.54
     기       1971   1.56  73.10
     며       1930   1.53  74.63
     나       1787   1.41  76.04
     면       1254   0.99  77.03
     지만     1079   0.85  77.88
     는데      970   0.77  78.65
     다고      966   0.76  79.42
     아        877   0.69  80.11
     으며      832   0.66  80.77
     이        794   0.63  81.40
     라        787   0.62  82.02
     라고      739   0.58  82.60
     다는      733   0.58  83.18
     라는      666   0.53  83.71
     ㅁ        658   0.52  84.23
     어야      614   0.49  84.71
     습니다    559   0.44  85.16
     어도      499   0.39  85.55
     든        498   0.39  85.95
     니        480   0.38  86.33
     ㄴ지      432   0.34  86.67
     으나      422   0.33  87.00
     ㄴ다는    420   0.33  87.33
     면서      411   0.33  87.66
     습니까    396   0.31  87.97
     려        394   0.31  88.28
     ㄴ다고    371   0.29  88.58
     는다      354   0.28  88.86
     자        346   0.27  89.13
     ㄴ데      346   0.27  89.40
     란        329   0.26  89.66
     지는      313   0.25  89.91
     진        305   0.24  90.15
     고자      305   0.24  90.39
     기에      281   0.22  90.62
     어서는    273   0.22  90.83
     으면      271   0.21  91.05
     ㄴ가      265   0.21  91.26
     다가      254   0.20  91.46
     긴        254   0.20  91.66
     도록      242   0.19  91.85
     고는      236   0.19  92.04
     어라      201   0.16  92.19
     다면      199   0.16  92.35
     듯        191   0.15  92.50
     ㄴ다면    187   0.15  92.65
     어요      169   0.13  92.78
     ㄹ지      165   0.13  92.92
     므로      165   0.13  93.05
     래        164   0.13  93.18
     는지      163   0.13  93.30
     곤        160   0.13  93.43
     거나      159   0.13  93.56
     니라      156   0.12  93.68
     려고      151   0.12  93.80
     어야만    150   0.12  93.92
     으므로    145   0.11  94.03
     지요      145   0.11  94.15
     ㄹ까      144   0.11  94.26
     지도      142   0.11  94.37
     길        141   0.11  94.49
     기로      141   0.11  94.60
     지를      141   0.11  94.71
     러        139   0.11  94.82
     아서      135   0.11  94.93
     ㄹ라      133   0.11  95.03
     듯이      122    0.1  95.13
     음        121    0.1  95.22
     건        120   0.09  95.32
     랍니다    117   0.09  95.41
     어다      115   0.09  95.50
     는가      109   0.09  95.59
     요        104   0.08  95.67
     ㅂ시오    104   0.08  95.75
     죠        101   0.08  95.83
     마         98   0.08  95.91
     라면       98   0.08  95.99
     더라도     97   0.08  96.06
     으니       96   0.08  96.14
     라도       95   0.08  96.21
     아야       94   0.07  96.29
     자면       93   0.07  96.36
     을까       93   0.07  96.44
     려는       90   0.07  96.51
     고서       85   0.07  96.57
     네         85   0.07  96.64
-----------------------------------------
    총 432가지 126,430회 출현
